
Lmod is automatically replacing "python2/2.7.15" with "python3/3.7.0".

hw3.py:275: RuntimeWarning: invalid value encountered in double_scalars
  print("precision: {}".format(np.float64(tp) / (tp + fp)))
hw3.py:276: RuntimeWarning: invalid value encountered in double_scalars
  print("recall: {}".format(np.float64(tp) / (tp + fn)))
--------------------Begin----------------------
poly kernel
c is 100.0
d is 0
positive_sample_num: 500
false_sample_num: 700
test_pos_num: None
test_false_num: None
Start generating data...
Generating data successful...
SVM training size is: (784, 1200)
SVM testing size is: (784, 10000)
Init SVM and GRAM Matrix...
[[1. 1. 1. ... 1. 1. 1.]
 [1. 1. 1. ... 1. 1. 1.]
 [1. 1. 1. ... 1. 1. 1.]
 ...
 [1. 1. 1. ... 1. 1. 1.]
 [1. 1. 1. ... 1. 1. 1.]
 [1. 1. 1. ... 1. 1. 1.]]
Initialization successful
Start training...
30th iteration finishes
60th iteration finishes
Training successful
Start testing...
size: 10000
true positive: 0
false positive: 0
false negative: 0
true negative: 0
zero: 0
precision: nan
recall: nan
plain accuracy: 0.0
None
Testing successful
---------------------End-----------------------
--------------------Begin----------------------
poly kernel
c is 100.0
d is 1
positive_sample_num: 500
false_sample_num: 700
test_pos_num: None
test_false_num: None
Start generating data...
Generating data successful...
SVM training size is: (784, 1200)
SVM testing size is: (784, 10000)
Init SVM and GRAM Matrix...
[[133.90103768 109.3492289  102.32447501 ... 104.31204968  93.32284497
   98.51440421]
 [109.3492289  148.72470963  91.08768354 ...  92.09272841  94.15368902
   95.3476012 ]
 [102.32447501  91.08768354 146.78237602 ... 131.16146165  98.976686
  106.77582694]
 ...
 [104.31204968  92.09272841 131.16146165 ... 138.82743693  96.16825913
   99.43949542]
 [ 93.32284497  94.15368902  98.976686   ...  96.16825913 171.24006172
  115.60741488]
 [ 98.51440421  95.3476012  106.77582694 ...  99.43949542 115.60741488
  167.43875883]]
Initialization successful
Start training...
30th iteration finishes
60th iteration finishes
Training successful
Start testing...
size: 10000
true positive: 1134
false positive: 2316
false negative: 1
true negative: 6549
zero: 0
precision: 0.32869565217391306
recall: 0.9991189427312775
plain accuracy: 0.7683
None
Testing successful
---------------------End-----------------------
--------------------Begin----------------------
poly kernel
c is 100.0
d is 2
positive_sample_num: 500
false_sample_num: 700
test_pos_num: None
test_false_num: None
Start generating data...
Generating data successful...
SVM training size is: (784, 1200)
SVM testing size is: (784, 10000)
Init SVM and GRAM Matrix...
[[24567.41224936  9820.03762628 12237.89677551 ... 12521.03607608
   9731.02213559 12810.02292988]
 [ 9820.03762628 19630.08436226  6341.15846554 ...  8869.45245218
   9412.3574338   7872.58780412]
 [12237.89677551  6341.15846554 31201.25251457 ...  7639.45319826
  14242.68927273  9723.17559732]
 ...
 [12521.03607608  8869.45245218  7639.45319826 ... 31529.89748266
   9787.4602735  20843.1892698 ]
 [ 9731.02213559  9412.3574338  14242.68927273 ...  9787.4602735
  30565.47439729 10397.09558559]
 [12810.02292988  7872.58780412  9723.17559732 ... 20843.1892698
  10397.09558559 25508.17490269]]
Initialization successful
Start training...
30th iteration finishes
60th iteration finishes
Training successful
Start testing...
size: 10000
true positive: 1126
false positive: 162
false negative: 9
true negative: 8703
zero: 0
precision: 0.8742236024844721
recall: 0.9920704845814978
plain accuracy: 0.9829
None
Testing successful
---------------------End-----------------------
--------------------Begin----------------------
poly kernel
c is 100.0
d is 4
positive_sample_num: 500
false_sample_num: 700
test_pos_num: None
test_false_num: None
Start generating data...
Generating data successful...
SVM training size is: (784, 1200)
SVM testing size is: (784, 10000)
Init SVM and GRAM Matrix...
[[4.10803063e+08 8.05617143e+07 1.10149575e+08 ... 1.22147849e+08
  1.51637427e+08 1.99463148e+08]
 [8.05617143e+07 5.56492044e+08 1.04332476e+08 ... 6.16338525e+07
  9.84623897e+07 9.55814746e+07]
 [1.10149575e+08 1.04332476e+08 5.10457006e+08 ... 7.83521642e+07
  1.16094769e+08 1.07940637e+08]
 ...
 [1.22147849e+08 6.16338525e+07 7.83521642e+07 ... 4.46210109e+08
  1.11253266e+08 9.97169276e+07]
 [1.51637427e+08 9.84623897e+07 1.16094769e+08 ... 1.11253266e+08
  4.11924745e+08 2.01722678e+08]
 [1.99463148e+08 9.55814746e+07 1.07940637e+08 ... 9.97169276e+07
  2.01722678e+08 3.23243438e+08]]
Initialization successful
Start training...
30th iteration finishes
60th iteration finishes
Training successful
Start testing...
size: 10000
true positive: 1129
false positive: 2720
false negative: 6
true negative: 6145
zero: 0
precision: 0.2933229410236425
recall: 0.9947136563876652
plain accuracy: 0.7274
None
Testing successful
---------------------End-----------------------
--------------------Begin----------------------
poly kernel
c is 100.0
d is 8
positive_sample_num: 500
false_sample_num: 700
test_pos_num: None
test_false_num: None
Start generating data...
Generating data successful...
SVM training size is: (784, 1200)
SVM testing size is: (784, 10000)
Init SVM and GRAM Matrix...
[[1.05477326e+17 1.32349560e+16 1.51059660e+15 ... 1.55732281e+16
  1.26158131e+16 8.47332619e+15]
 [1.32349560e+16 2.64032569e+17 4.27361312e+15 ... 8.48499747e+15
  5.69433818e+15 1.93021116e+16]
 [1.51059660e+15 4.27361312e+15 4.13351933e+17 ... 1.06823009e+16
  7.16843366e+15 8.80760007e+15]
 ...
 [1.55732281e+16 8.48499747e+15 1.06823009e+16 ... 1.00715794e+17
  1.11410897e+16 9.36905761e+15]
 [1.26158131e+16 5.69433818e+15 7.16843366e+15 ... 1.11410897e+16
  1.20585070e+17 1.19707379e+16]
 [8.47332619e+15 1.93021116e+16 8.80760007e+15 ... 9.36905761e+15
  1.19707379e+16 1.94548053e+17]]
Initialization successful
Start training...
30th iteration finishes
60th iteration finishes
Training successful
Start testing...
size: 10000
true positive: 1132
false positive: 4616
false negative: 3
true negative: 4249
zero: 0
precision: 0.19693806541405706
recall: 0.9973568281938326
plain accuracy: 0.5381
None
Testing successful
---------------------End-----------------------
--------------------Begin----------------------
poly kernel
c is 100.0
d is 16
positive_sample_num: 500
false_sample_num: 700
test_pos_num: None
test_false_num: None
Start generating data...
Generating data successful...
SVM training size is: (784, 1200)
SVM testing size is: (784, 10000)
Init SVM and GRAM Matrix...
[[2.42181282e+34 2.29461804e+31 1.00348343e+32 ... 7.49963371e+32
  2.56224527e+32 1.02200825e+32]
 [2.29461804e+31 2.94456165e+35 5.43178589e+31 ... 5.71713491e+31
  9.62301996e+31 7.20769323e+31]
 [1.00348343e+32 5.43178589e+31 1.19122183e+34 ... 1.18445347e+33
  2.48842237e+32 3.17326919e+33]
 ...
 [7.49963371e+32 5.71713491e+31 1.18445347e+33 ... 1.53488589e+34
  1.34794181e+32 4.47531745e+32]
 [2.56224527e+32 9.62301996e+31 2.48842237e+32 ... 1.34794181e+32
  6.11515955e+34 2.65382644e+32]
 [1.02200825e+32 7.20769323e+31 3.17326919e+33 ... 4.47531745e+32
  2.65382644e+32 1.25195868e+34]]
Initialization successful
Start training...
30th iteration finishes
60th iteration finishes
Training successful
Start testing...
size: 10000
true positive: 720
false positive: 1635
false negative: 415
true negative: 7230
zero: 0
precision: 0.3057324840764331
recall: 0.6343612334801763
plain accuracy: 0.795
None
Testing successful
---------------------End-----------------------
--------------------Begin----------------------
radical kernel
sigma is 1
positive_sample_num: 500
false_sample_num: 700
test_pos_num: None
test_false_num: None
Start generating data...
Generating data successful...
SVM training size is: (784, 1200)
SVM testing size is: (784, 10000)
Init SVM and GRAM Matrix...
[[1.00000000e+00 1.66526432e-23 5.27181310e-25 ... 9.18809511e-21
  1.54882461e-25 3.77320984e-25]
 [1.66526432e-23 1.00000000e+00 2.73845041e-28 ... 5.37875347e-13
  1.68825189e-30 1.76179625e-09]
 [5.27181310e-25 2.73845041e-28 1.00000000e+00 ... 1.00375154e-26
  1.96218251e-29 4.97088598e-31]
 ...
 [9.18809511e-21 5.37875347e-13 1.00375154e-26 ... 1.00000000e+00
  2.61497520e-29 1.16137860e-13]
 [1.54882461e-25 1.68825189e-30 1.96218251e-29 ... 2.61497520e-29
  1.00000000e+00 2.49983311e-33]
 [3.77320984e-25 1.76179625e-09 4.97088598e-31 ... 1.16137860e-13
  2.49983311e-33 1.00000000e+00]]
Initialization successful
Start training...
30th iteration finishes
60th iteration finishes
Training successful
Start testing...
size: 10000
true positive: 424
false positive: 0
false negative: 711
true negative: 8865
zero: 0
precision: 1.0
recall: 0.373568281938326
plain accuracy: 0.9289
None
Testing successful
---------------------End-----------------------
--------------------Begin----------------------
radical kernel
sigma is 3
positive_sample_num: 500
false_sample_num: 700
test_pos_num: None
test_false_num: None
Start generating data...
Generating data successful...
SVM training size is: (784, 1200)
SVM testing size is: (784, 10000)
Init SVM and GRAM Matrix...
[[1.         0.00228798 0.00272043 ... 0.00243226 0.00240734 0.00300829]
 [0.00228798 1.         0.00425907 ... 0.04958157 0.86102976 0.11272789]
 [0.00272043 0.00425907 1.         ... 0.00638282 0.0031962  0.00613945]
 ...
 [0.00243226 0.04958157 0.00638282 ... 1.         0.04099456 0.12564955]
 [0.00240734 0.86102976 0.0031962  ... 0.04099456 1.         0.10777884]
 [0.00300829 0.11272789 0.00613945 ... 0.12564955 0.10777884 1.        ]]
Initialization successful
Start training...
30th iteration finishes
60th iteration finishes
Training successful
Start testing...
size: 10000
true positive: 1117
false positive: 34
false negative: 18
true negative: 8831
zero: 0
precision: 0.9704604691572546
recall: 0.9841409691629956
plain accuracy: 0.9948
None
Testing successful
---------------------End-----------------------
--------------------Begin----------------------
radical kernel
sigma is 5
positive_sample_num: 500
false_sample_num: 700
test_pos_num: None
test_false_num: None
Start generating data...
Generating data successful...
SVM training size is: (784, 1200)
SVM testing size is: (784, 10000)
Init SVM and GRAM Matrix...
[[1.         0.15675533 0.16197288 ... 0.06248916 0.13958802 0.11629351]
 [0.15675533 1.         0.22266876 ... 0.09213605 0.74177036 0.31249309]
 [0.16197288 0.22266876 1.         ... 0.06447775 0.19734842 0.17777647]
 ...
 [0.06248916 0.09213605 0.06447775 ... 1.         0.08697893 0.15001972]
 [0.13958802 0.74177036 0.19734842 ... 0.08697893 1.         0.26928104]
 [0.11629351 0.31249309 0.17777647 ... 0.15001972 0.26928104 1.        ]]
Initialization successful
Start training...
30th iteration finishes
60th iteration finishes
Training successful
Start testing...
size: 10000
true positive: 1119
false positive: 86
false negative: 16
true negative: 8779
zero: 0
precision: 0.9286307053941909
recall: 0.9859030837004406
plain accuracy: 0.9898
None
Testing successful
---------------------End-----------------------
--------------------Begin----------------------
radical kernel
sigma is 10
positive_sample_num: 500
false_sample_num: 700
test_pos_num: None
test_false_num: None
Start generating data...
Generating data successful...
SVM training size is: (784, 1200)
SVM testing size is: (784, 10000)
Init SVM and GRAM Matrix...
[[1.         0.40226537 0.49189025 ... 0.52259428 0.46813314 0.47143092]
 [0.40226537 1.         0.60948223 ... 0.47861747 0.52247065 0.48191666]
 [0.49189025 0.60948223 1.         ... 0.55172957 0.52318927 0.486304  ]
 ...
 [0.52259428 0.47861747 0.55172957 ... 1.         0.57597548 0.59368684]
 [0.46813314 0.52247065 0.52318927 ... 0.57597548 1.         0.54093705]
 [0.47143092 0.48191666 0.486304   ... 0.59368684 0.54093705 1.        ]]
Initialization successful
Start training...
30th iteration finishes
60th iteration finishes
Training successful
Start testing...
size: 10000
true positive: 92
false positive: 0
false negative: 1043
true negative: 8865
zero: 0
precision: 1.0
recall: 0.08105726872246696
plain accuracy: 0.8957
None
Testing successful
---------------------End-----------------------
hw3.py:275: RuntimeWarning: invalid value encountered in double_scalars
  print("precision: {}".format(np.float64(tp) / (tp + fp)))
--------------------Begin----------------------
radical kernel
sigma is 15
positive_sample_num: 500
false_sample_num: 700
test_pos_num: None
test_false_num: None
Start generating data...
Generating data successful...
SVM training size is: (784, 1200)
SVM testing size is: (784, 10000)
Init SVM and GRAM Matrix...
[[1.         0.92804885 0.77154176 ... 0.85194252 0.81050795 0.66968133]
 [0.92804885 1.         0.78836111 ... 0.86019848 0.81983147 0.65063228]
 [0.77154176 0.78836111 1.         ... 0.74695619 0.71576145 0.67421032]
 ...
 [0.85194252 0.86019848 0.74695619 ... 1.         0.83314088 0.6861948 ]
 [0.81050795 0.81983147 0.71576145 ... 0.83314088 1.         0.72902579]
 [0.66968133 0.65063228 0.67421032 ... 0.6861948  0.72902579 1.        ]]
Initialization successful
Start training...
30th iteration finishes
60th iteration finishes
Training successful
Start testing...
size: 10000
true positive: 0
false positive: 0
false negative: 1135
true negative: 8865
zero: 0
precision: nan
recall: 0.0
plain accuracy: 0.8865
None
Testing successful
---------------------End-----------------------
hw3.py:275: RuntimeWarning: invalid value encountered in double_scalars
  print("precision: {}".format(np.float64(tp) / (tp + fp)))
--------------------Begin----------------------
radical kernel
sigma is 30
positive_sample_num: 500
false_sample_num: 700
test_pos_num: None
test_false_num: None
Start generating data...
Generating data successful...
SVM training size is: (784, 1200)
SVM testing size is: (784, 10000)
Init SVM and GRAM Matrix...
[[1.         0.95649634 0.94933489 ... 0.95901378 0.98659636 0.95940858]
 [0.95649634 1.         0.94515169 ... 0.95863684 0.95264939 0.94850335]
 [0.94933489 0.94515169 1.         ... 0.96446559 0.94955056 0.94735279]
 ...
 [0.95901378 0.95863684 0.96446559 ... 1.         0.96001805 0.95999463]
 [0.98659636 0.95264939 0.94955056 ... 0.96001805 1.         0.96104116]
 [0.95940858 0.94850335 0.94735279 ... 0.95999463 0.96104116 1.        ]]
Initialization successful
Start training...
30th iteration finishes
60th iteration finishes
Training successful
Start testing...
size: 10000
true positive: 0
false positive: 0
false negative: 1135
true negative: 8865
zero: 0
precision: nan
recall: 0.0
plain accuracy: 0.8865
None
Testing successful
---------------------End-----------------------
